ASC2_class1 = 1355.7049980588456
ASC2_class2 = 28.735494001118113
ASC2_class3 = 3.932251467839211
ASC2_class4 = -22.811837573838808
ASC2_class5 = -731.1521128289058
ASC3_class1 = 8.400096237381602
ASC3_class2 = 27.274485122143087
ASC3_class3 = 1043.8930701735362
ASC3_class4 = 27.506957126730974
ASC3_class5 = -752.3561586844235
ASC4_class1 = 1297.9854021118065
ASC4_class2 = 517.385184847626
ASC4_class3 = 1.8912272227051232
ASC4_class4 = -22.717418919367756
ASC4_class5 = -731.07196207855
B_FEAT_class1 = -234.85470685403956
B_FEAT_class2 = -80.75117181783757
B_FEAT_class3 = 219.33133603841043
B_FEAT_class4 = -12.427683755596023
B_FEAT_class5 = 76.5607425293347
B_PRICE_class1 = -13732.320753059454
B_PRICE_class2 = -5415.626549231296
B_PRICE_class3 = -15669.409506395104
B_PRICE_class4 = -352.9668019247447
B_PRICE_class5 = 11700.109688091823
PI_1 = 0.9999
PI_2 = 0.9999
PI_3 = 0.8920769519656079
PI_4 = 0.0001
