ASC2_class1 = -0.547701402675959
ASC2_class2 = 867.4060010112809
ASC2_class3 = -613.7958028746452
ASC3_class1 = 120.76162252917216
ASC3_class2 = 1.0063240628958614
ASC3_class3 = -618.3482493653248
ASC4_class1 = -4.566397542132935
ASC4_class2 = 867.1478290174055
ASC4_class3 = -613.0522501757628
B_FEAT_class1 = 5.15100430729234
B_FEAT_class2 = -150.73135213149178
B_FEAT_class3 = 63.12312552110085
B_PRICE_class1 = -1776.4337101864853
B_PRICE_class2 = -8783.794179162609
B_PRICE_class3 = 9820.024160927112
PI_1 = 0.725796431250533
PI_2 = 0.9999
