ASC2_class1 = 12.624385513926368
ASC2_class2 = 12.624385514030465
ASC3_class1 = 12.62438551399285
ASC3_class2 = 12.624385513963972
ASC4_class1 = 12.624385513971061
ASC4_class2 = 12.624385513985768
B_FEAT_class1 = -2.4281678338048467
B_FEAT_class2 = -2.4281678337971035
B_PRICE_class1 = -139.7671365733225
B_PRICE_class2 = -139.76713657331888
PI_1 = 0.5000000000246517
