ASC2_class1 = 762.3591364768448
ASC2_class2 = 9.71177294323681
ASC2_class3 = -17.3395089851366
ASC2_class4 = 83.88180566768087
ASC3_class1 = 3.536189936720234
ASC3_class2 = 6.097354925122699
ASC3_class3 = 7.829244132621516
ASC3_class4 = -4.878905872287714
ASC4_class1 = 750.4337795604436
ASC4_class2 = 391.5430651941813
ASC4_class3 = -17.25769218807749
ASC4_class4 = 83.26396972789983
B_FEAT_class1 = -139.61465216389902
B_FEAT_class2 = -61.58316153152948
B_FEAT_class3 = -1.452033670871565
B_FEAT_class4 = 9.037152081169145
B_PRICE_class1 = -7620.221065523064
B_PRICE_class2 = -4096.39828941812
B_PRICE_class3 = -98.20222636581957
B_PRICE_class4 = 28.397006888510806
PI_1 = 0.7552523729558146
PI_2 = 0.8966488237106502
PI_3 = 0.9999
